20,45;80,55;0
20,45;80,55;5
20,45;80,55;10
20,45;80,55;15
20,45;80,55;20
20,45;80,55;25
20,45;80,55;30
20,45;80,55;35
20,45;80,55;40
20,45;80,55;45
20,45;80,55;50
20,45;80,55;55
20,45;80,55;60
20,45;80,55;65
20,45;80,55;70
20,45;80,55;75
20,45;80,55;80
20,45;80,55;85
20,45;80,55;90
20,45;80,55;95
20,45;80,55;100
20,45;80,55;105
20,45;80,55;110
20,45;80,55;115
20,45;80,55;120
20,45;80,55;125
20,45;80,55;130
20,45;80,55;135
20,45;80,55;140
20,45;80,55;145
20,45;80,55;150
20,45;80,55;155
20,45;80,55;160
20,45;80,55;165
20,45;80,55;170
20,45;80,55;175
20,45;80,55;180
20,45;80,55;185
20,45;80,55;190
20,45;80,55;195
20,45;80,55;200
20,45;80,55;205
20,45;80,55;210
20,45;80,55;215
20,45;80,55;220
20,45;80,55;225
20,45;80,55;230
20,45;80,55;235
20,45;80,55;240
20,45;80,55;245
20,45;80,55;250
20,45;80,55;255
20,45;80,55;260
20,45;80,55;265
20,45;80,55;270
20,45;80,55;275
20,45;80,55;280
20,45;80,55;285
20,45;80,55;290
20,45;80,55;295
20,45;80,55;300
20,45;80,55;305
20,45;80,55;310
20,45;80,55;315
20,45;80,55;320
20,45;80,55;325
20,45;80,55;330
20,45;80,55;335
20,45;80,55;340
20,45;80,55;345
20,45;80,55;350
20,45;80,55;355
20,45;80,55;360
20,45;80,55;365
20,45;80,55;370
20,45;80,55;375
20,45;80,55;380
20,45;80,55;385
20,45;80,55;390
20,45;80,55;395
20,45;80,55;400
20,45;80,55;405
20,45;80,55;410
20,45;80,55;415
20,45;80,55;420
20,45;80,55;425
20,45;80,55;430
20,45;80,55;435
20,45;80,55;440
20,45;80,55;445
20,45;80,55;450
20,45;80,55;455
20,45;80,55;460
20,45;80,55;465
20,45;80,55;470
20,45;80,55;475
20,45;80,55;480
20,45;80,55;485
20,45;80,55;490
20,45;80,55;495
80,45;20,55;0
80,45;20,55;5
80,45;20,55;10
80,45;20,55;15
80,45;20,55;20
80,45;20,55;25
80,45;20,55;30
80,45;20,55;35
80,45;20,55;40
80,45;20,55;45
80,45;20,55;50
80,45;20,55;55
80,45;20,55;60
80,45;20,55;65
80,45;20,55;70
80,45;20,55;75
80,45;20,55;80
80,45;20,55;85
80,45;20,55;90
80,45;20,55;95
80,45;20,55;100
80,45;20,55;105
80,45;20,55;110
80,45;20,55;115
80,45;20,55;120
80,45;20,55;125
80,45;20,55;130
80,45;20,55;135
80,45;20,55;140
80,45;20,55;145
80,45;20,55;150
80,45;20,55;155
80,45;20,55;160
80,45;20,55;165
80,45;20,55;170
80,45;20,55;175
80,45;20,55;180
80,45;20,55;185
80,45;20,55;190
80,45;20,55;195
80,45;20,55;200
80,45;20,55;205
80,45;20,55;210
80,45;20,55;215
80,45;20,55;220
80,45;20,55;225
80,45;20,55;230
80,45;20,55;235
80,45;20,55;240
80,45;20,55;245
80,45;20,55;250
80,45;20,55;255
80,45;20,55;260
80,45;20,55;265
80,45;20,55;270
80,45;20,55;275
80,45;20,55;280
80,45;20,55;285
80,45;20,55;290
80,45;20,55;295
80,45;20,55;300
80,45;20,55;305
80,45;20,55;310
80,45;20,55;315
80,45;20,55;320
80,45;20,55;325
80,45;20,55;330
80,45;20,55;335
80,45;20,55;340
80,45;20,55;345
80,45;20,55;350
80,45;20,55;355
80,45;20,55;360
80,45;20,55;365
80,45;20,55;370
80,45;20,55;375
80,45;20,55;380
80,45;20,55;385
80,45;20,55;390
80,45;20,55;395
80,45;20,55;400
80,45;20,55;405
80,45;20,55;410
80,45;20,55;415
80,45;20,55;420
80,45;20,55;425
80,45;20,55;430
80,45;20,55;435
80,45;20,55;440
80,45;20,55;445
80,45;20,55;450
80,45;20,55;455
80,45;20,55;460
80,45;20,55;465
80,45;20,55;470
80,45;20,55;475
80,45;20,55;480
80,45;20,55;485
80,45;20,55;490
80,45;20,55;495
45,15;55,85;0
45,15;55,85;5
45,15;55,85;10
45,15;55,85;15
45,15;55,85;20
45,15;55,85;25
45,15;55,85;30
45,15;55,85;35
45,15;55,85;40
45,15;55,85;45
45,15;55,85;50
45,15;55,85;55
45,15;55,85;60
45,15;55,85;65
45,15;55,85;70
45,15;55,85;75
45,15;55,85;80
45,15;55,85;85
45,15;55,85;90
45,15;55,85;95
45,15;55,85;100
45,15;55,85;105
45,15;55,85;110
45,15;55,85;115
45,15;55,85;120
45,15;55,85;125
45,15;55,85;130
45,15;55,85;135
45,15;55,85;140
45,15;55,85;145
45,15;55,85;150
45,15;55,85;155
45,15;55,85;160
45,15;55,85;165
45,15;55,85;170
45,15;55,85;175
45,15;55,85;180
45,15;55,85;185
45,15;55,85;190
45,15;55,85;195
45,15;55,85;200
45,15;55,85;205
45,15;55,85;210
45,15;55,85;215
45,15;55,85;220
45,15;55,85;225
45,15;55,85;230
45,15;55,85;235
45,15;55,85;240
45,15;55,85;245
45,15;55,85;250
45,15;55,85;255
45,15;55,85;260
45,15;55,85;265
45,15;55,85;270
45,15;55,85;275
45,15;55,85;280
45,15;55,85;285
45,15;55,85;290
45,15;55,85;295
45,15;55,85;300
45,15;55,85;305
45,15;55,85;310
45,15;55,85;315
45,15;55,85;320
45,15;55,85;325
45,15;55,85;330
45,15;55,85;335
45,15;55,85;340
45,15;55,85;345
45,15;55,85;350
45,15;55,85;355
45,15;55,85;360
45,15;55,85;365
45,15;55,85;370
45,15;55,85;375
45,15;55,85;380
45,15;55,85;385
45,15;55,85;390
45,15;55,85;395
45,15;55,85;400
45,15;55,85;405
45,15;55,85;410
45,15;55,85;415
45,15;55,85;420
45,15;55,85;425
45,15;55,85;430
45,15;55,85;435
45,15;55,85;440
45,15;55,85;445
45,15;55,85;450
45,15;55,85;455
45,15;55,85;460
45,15;55,85;465
45,15;55,85;470
45,15;55,85;475
45,15;55,85;480
45,15;55,85;485
45,15;55,85;490
45,15;55,85;495
45,85;55,15;0
45,85;55,15;5
45,85;55,15;10
45,85;55,15;15
45,85;55,15;20
45,85;55,15;25
45,85;55,15;30
45,85;55,15;35
45,85;55,15;40
45,85;55,15;45
45,85;55,15;50
45,85;55,15;55
45,85;55,15;60
45,85;55,15;65
45,85;55,15;70
45,85;55,15;75
45,85;55,15;80
45,85;55,15;85
45,85;55,15;90
45,85;55,15;95
45,85;55,15;100
45,85;55,15;105
45,85;55,15;110
45,85;55,15;115
45,85;55,15;120
45,85;55,15;125
45,85;55,15;130
45,85;55,15;135
45,85;55,15;140
45,85;55,15;145
45,85;55,15;150
45,85;55,15;155
45,85;55,15;160
45,85;55,15;165
45,85;55,15;170
45,85;55,15;175
45,85;55,15;180
45,85;55,15;185
45,85;55,15;190
45,85;55,15;195
45,85;55,15;200
45,85;55,15;205
45,85;55,15;210
45,85;55,15;215
45,85;55,15;220
45,85;55,15;225
45,85;55,15;230
45,85;55,15;235
45,85;55,15;240
45,85;55,15;245
45,85;55,15;250
45,85;55,15;255
45,85;55,15;260
45,85;55,15;265
45,85;55,15;270
45,85;55,15;275
45,85;55,15;280
45,85;55,15;285
45,85;55,15;290
45,85;55,15;295
45,85;55,15;300
45,85;55,15;305
45,85;55,15;310
45,85;55,15;315
45,85;55,15;320
45,85;55,15;325
45,85;55,15;330
45,85;55,15;335
45,85;55,15;340
45,85;55,15;345
45,85;55,15;350
45,85;55,15;355
45,85;55,15;360
45,85;55,15;365
45,85;55,15;370
45,85;55,15;375
45,85;55,15;380
45,85;55,15;385
45,85;55,15;390
45,85;55,15;395
45,85;55,15;400
45,85;55,15;405
45,85;55,15;410
45,85;55,15;415
45,85;55,15;420
45,85;55,15;425
45,85;55,15;430
45,85;55,15;435
45,85;55,15;440
45,85;55,15;445
45,85;55,15;450
45,85;55,15;455
45,85;55,15;460
45,85;55,15;465
45,85;55,15;470
45,85;55,15;475
45,85;55,15;480
45,85;55,15;485
45,85;55,15;490
45,85;55,15;495
